x1 = 1.148936
x2 = -0.123404
x3 = 3.872340
